Depot_index,Capacity,Conn_line_idx,Conn_sta_idx,Runtime
5,39,3,11,120
